8 3 7 24 32 42 9 
28 37 17 23 33 36 30 
10 6 16 43 40 29 38 
31 27 17 3 11 32 16 
21 12 14 23 43 38 9 
28 7 11 22 33 36 41 
31 27 10 4 18 40 32 
17 29 12 23 31 42 30 
8 13 26 4 43 25 9 
6 29 18 24 38 7 
17 12 27 23 33 32 9 
31 17 3 11 22 36 29 
28 21 16 12 40 42 30 
8 10 4 14 41 30 
5 37 18 24 40 32 29 
27 28 13 26 33 18 41 
8 36 7 9 35 43 38 
10 21 12 23 17 32 
27 6 5 14 43 40 29 
28 21 16 24 33 40 37 
4 7 11 22 18 30 
9 12 14 33 38 36 29 
8 13 26 4 23 25 9 
29 23 24 35 42 30 
27 21 6 17 32 9 
10 7 5 14 43 40 
28 11 22 23 38 36 
27 4 14 24 33 21 
5 22 43 38 42 18 36 
27 28 21 3 7 18 37 
10 6 16 24 29 30 
29 6 16 13 26 11 
8 22 12 14 18 25 9 
28 21 4 14 24 35 36 
10 18 13 26 33 30 
8 27 3 4 42 32 
21 6 3 14 23 38 
16 7 11 37 43 36 9 
28 21 6 24 22 32 10 
16 17 12 23 40 42 30 
28 10 3 11 22 35 36 
30 10 21 14 18 40 42 
8 4 7 23 43 33 32 
24 27 6 3 11 38 29 
22 16 12 23 33 42 9 
8 17 16 14 43 36 30 
10 21 6 4 11 29 22 
27 28 5 37 24 40 41 
42 28 18 7 4 33 
31 30 11 22 32 17 9 
8 27 6 12 36 25 29 
5 16 23 24 40 43 37 
21 17 7 32 42 30 16 
6 5 22 14 33 38 11 
40 28 12 43 3 36 38 
31 28 13 26 4 18 41 
27 17 25 24 32 18 
10 41 3 7 40 42 16 
12 11 23 9 29 30 
17 9 14 33 32 25 29 
5 22 12 43 35 36 42 
31 28 13 26 4 18 41 
