21 33 5 17 38 37
3 27 32 34 30 23 22
7 21 14 38 29 36
10 39 14 16 40 37
21 27 8 39 17 22
18 33 8 28 12 42 7
4 18 27 21 16 7
3 10 14 37 29 23
21 17 41 30 40 42 22
28 34 19 17 12 36 7
10 19 14 30 12 23
4 18 33 34 8 37 22
28 33 34 19 16 40 36
3 27 28 17 39 23 14
4 18 25 19 30 36 7
32 39 5 17 29 37
6 11 34 41 24 42 19
3 10 18 28 16 40 22
4 27 33 24 30 23 7
18 32 5 24 17 42
4 18 21 25 30 36
3 10 33 34 23 22 9
21 27 32 5 17 42 29
3 6 11 8 12 34
10 21 28 39 23 42 29
33 39 31 24 23 36 9
6 8 7 29 12 22
3 27 28 7 12 42
18 33 5 10 40 37 14
21 39 31 17 30 36 9

6 28 39 29 16 36
4 10 18 5 12 37
3 27 32 33 8 23
3 6 34 30 29 42 7
4 10 14 16 40 37
28 34 17 30 36 22
6 38 33 8 12 42
4 6 27 28 38 36
10 33 14 16 37 23
3 18 21 27 39 40 8
39 5 41 16 29 36 7
26 19 5 24 30 42
4 21 26 8 29 37 22
10 5 41 16 12 40
3 27 28 34 31 23 22
4 10 21 28 33 36 7
27 32 8 5 17 37
6 11 21 34 29 36
10 39 12 16 29 40
6 11 33 34 39 23 22
32 5 17 41 24 42 7
6 28 25 30 40 37
4 10 39 24 40 23 9
18 27 32 33 31 42 22
3 6 18 8 12 7
7 5 41 30 37 42 21
30 5 17 24 37 36
8 17 22 41 29 23 9
4 6 38 28 32 42
3 18 27 28 25 40

